3
6 6 6 
12 13 14 16 15 17;13 14 15 17 12 16;17 12 13 14 16 15;16 15 17 11 10 9;10 17 16 15 9 11;15 16 11 9 17 10;14 11 9 10 13 12;9 10 12 13 11 14;11 9 10 12 14 13;7 8 6 5 4 3;4 7 8 6 3 5;8 6 5 3 7 4;0 2 7 8 1 6;1 0 2 7 6 8;6 1 0 2 8 7;5 3 1 4 0 2;3 5 4 0 2 1;2 4 3 1 5 0
450 false 108 36
1.7078694470000002 108 36
3
6 7 7 
14 15 16 17 19 18;16 14 17 15 18 19;17 16 18 19 14 15;13 18 19 10 17 12;18 19 10 11 12 13;19 10 11 12 13 17;12 17 13 18 11 10;15 12 14 13 16 11;10 11 12 14 15 16;11 13 15 16 10 14;8 5 4 3 9 6;9 8 5 4 6 7;6 7 8 5 4 3;3 9 6 7 5 4;0 1 7 8 2 9;7 0 9 1 8 2;1 2 0 9 7 8;2 6 1 0 3 5;4 3 2 6 1 0;5 4 3 2 0 1
450 false 120 40
1.73907663 120 40
3
7 6 7 
14 15 16 17 19 18;16 14 17 15 18 19;17 16 18 19 14 15;13 18 19 10 17 12;18 19 10 11 12 13;19 10 11 12 13 17;12 17 13 18 11 10;15 12 14 13 16 11;10 11 12 14 15 16;11 13 15 16 10 14;8 5 4 3 9 6;9 8 5 4 6 7;6 7 8 5 4 3;3 9 6 7 5 4;0 1 7 8 2 9;7 0 9 1 8 2;1 2 0 9 7 8;2 6 1 0 3 5;4 3 2 6 1 0;5 4 3 2 0 1
450 false 120 40
2.076240669 120 40
3
7 5 6 
13 15 14 16 14 17;15 14 15 15 13 16;17 13 17 14 16 15;16 17 12 9 10 11;9 16 11 17 12 10;11 9 16 10 17 12;14 12 10 11 9 13;10 11 13 12 15 9;12 10 9 13 11 14;4 5 8 3 6 7;7 8 6 5 3 4;5 7 4 6 8 3;8 6 3 7 4 5;0 2 7 8 1 6;6 1 0 2 0 8;1 0 1 1 7 2;3 4 5 0 2 1;2 3 2 4 5 0
450 true 108 36
61.22502156 100 36
3
6 4 5 
12 13 14 10 9 8;15 15 11 13 12 14;13 12 13 11 14 15;11 11 15 14 13 12;14 8 9 8 15 10;8 14 10 15 10 9;10 9 12 9 8 11;9 10 8 12 11 13;5 4 7 4 6 0;7 6 4 6 0 5;6 7 5 0 5 4;3 3 1 2 7 6;0 2 6 7 1 3;2 0 2 1 3 7;4 5 0 3 2 1;1 1 3 5 4 2
450 true 90 30
176.088569009 78 30
3
6 3 4 
9 8 9 7 9 8;10 10 13 12 11 11;13 13 12 11 10 12;11 11 10 10 12 13;12 7 7 13 8 9;8 12 8 9 13 7;7 9 11 8 7 10;6 4 4 0 6 5;5 0 5 6 4 0;0 6 0 5 0 4;1 1 3 3 2 6;3 3 6 2 1 1;4 5 2 1 3 2;2 2 1 4 5 3
450 true 78 26
180.86122562900002 57 26
3
5 4 3 
11 11 11 9 10 9;9 10 10 10 9 11;7 6 7 11 6 8;8 8 8 6 11 7;10 7 9 8 7 6;6 9 6 7 8 10;5 2 5 3 2 4;2 4 2 5 4 3;3 3 3 4 5 2;1 5 4 0 1 0;4 1 1 1 0 5;0 0 0 2 3 1
450 true 72 24
1.634024554 48 24
3
6 3 2 
8 8 7 6 6 6;10 10 10 11 9 11;11 11 11 9 10 10;9 9 9 10 11 9;6 7 6 8 8 8;7 6 8 7 7 7;4 5 4 0 0 0;5 4 0 5 5 5;0 0 5 4 4 4;3 3 3 2 1 3;1 1 1 3 2 2;2 2 2 1 3 1
450 true 66 22
0.627612461 33 17
3
6 4 2 
11 10 11 10 9 11;10 11 9 11 10 10;9 9 10 9 11 9;6 6 8 6 8 7;8 8 6 7 6 8;7 7 7 8 7 6;3 3 4 3 4 5;5 5 5 4 5 3;4 4 3 5 3 4;2 2 1 2 0 2;1 0 2 0 1 1;0 1 0 1 2 0
450 true 72 24
0.35545586300000004 36 18
3
6 4 1 
7 8 8 8 6 7;9 10 10 10 11 10;11 9 11 11 10 11;10 11 9 9 9 9;6 7 7 6 7 8;8 6 6 7 8 6;4 5 5 4 0 5;0 4 4 5 4 0;5 0 0 0 5 4;1 2 3 3 3 3;3 1 1 1 2 1;2 3 2 2 1 2
450 true 66 17
0.505180657 33 14
3
7 4 2 
10 10 7 8 8 9;11 12 11 13 12 13;13 13 12 11 13 11;12 11 13 12 11 12;9 9 10 10 7 8;8 7 8 7 9 10;7 8 9 9 10 7;6 5 0 5 4 6;5 6 5 0 0 4;4 4 6 6 5 0;0 0 4 4 6 5;1 3 1 2 3 2;3 1 2 3 1 3;2 2 3 1 2 1
450 true 78 26
1.308162077 46 20
3
6 6 5 
10 9 11 14 12 13;13 12 14 16 15 17;12 16 15 13 17 14;16 13 17 15 14 12;15 17 9 10 16 11;9 15 10 17 11 16;17 10 16 11 9 15;14 11 13 12 10 9;11 14 12 9 13 10;5 0 4 8 6 7;0 6 5 4 7 8;8 7 0 6 5 4;2 1 8 7 0 3;1 3 7 2 8 0;7 8 1 0 3 2;4 5 2 3 1 6;3 2 6 1 4 5;6 4 3 5 2 1
450 false 102 34
2.0247150080000003 102 34
3
6 5 2 
8 8 7 13 7 9;12 12 11 10 10 13;11 11 13 12 11 10;10 10 12 11 13 12;7 13 8 7 9 8;13 9 9 9 8 7;9 7 10 8 12 11;4 6 0 4 0 5;0 0 4 6 5 4;6 5 5 5 4 0;3 3 6 1 1 2;2 2 1 3 2 6;1 1 3 2 6 3;5 4 2 0 3 1
450 true 78 26
11.296669522 56 26
3
5 5 1 
9 7 10 6 11 8;11 10 9 10 10 9;10 9 11 9 9 10;8 8 8 7 6 11;7 11 7 8 7 6;6 6 6 11 8 7;5 5 5 0 3 4;4 0 4 3 4 5;3 3 3 4 5 0;0 2 1 2 2 1;2 1 0 1 1 2;1 4 2 5 0 3
450 true 66 17
4.258224281 42 17
3
6 6 1 
8 11 10 7 9 12;11 12 11 11 10 13;10 10 13 10 12 11;12 13 12 12 11 10;9 7 7 13 7 8;7 8 9 8 13 9;13 9 8 9 8 7;5 4 4 0 4 6;0 5 6 5 6 4;4 6 5 6 0 5;2 2 0 2 1 3;1 0 1 1 3 2;3 1 3 3 2 0;6 3 2 4 5 1
450 true 78 20
22.45440825 54 20
3
5 7 2 
11 11 11 11 13 12;12 12 12 13 12 11;13 13 13 12 11 13;8 7 7 8 9 10;7 10 8 7 8 9;10 9 10 10 7 8;9 8 9 9 10 7;4 3 3 4 5 6;3 6 4 3 4 5;6 5 6 6 3 4;5 4 5 5 6 3;0 0 0 0 2 1;1 1 1 2 1 0;2 2 2 1 0 2
450 true 84 28
0.7629851360000001 50 21
3
6 6 3 
8 9 13 11 12 10;11 11 15 12 14 13;13 13 12 14 15 11;12 12 14 13 11 15;14 8 9 15 10 8;15 14 10 10 8 9;10 15 8 9 9 14;9 10 11 8 13 12;0 4 6 7 5 4;7 0 4 6 6 5;6 7 5 5 4 0;1 1 7 0 3 2;3 3 2 1 0 7;2 2 0 3 7 1;4 5 3 2 1 6;5 6 1 4 2 3
450 true 90 30
420.21974400500005 78 30
3
1 4 3 
7 6 6 6 6 6;6 7 7 7 7 7;4 4 4 5 4 4;5 5 5 4 5 5;2 2 2 3 2 2;3 3 3 2 3 3;1 0 0 0 0 0;0 1 1 1 1 1
450 true 48 13
0.119186384 16 10
3
7 6 4 
15 12 13 10 9 11;14 15 15 13 16 14;17 17 16 14 15 13;13 14 17 16 14 15;16 9 10 12 11 17;9 11 12 17 10 16;12 16 9 11 17 10;10 13 11 15 12 9;11 10 14 9 13 12;5 4 6 8 0 7;7 8 4 0 5 6;8 5 7 6 4 0;6 0 5 4 7 8;3 7 0 1 8 2;1 3 8 2 3 1;0 1 1 7 2 3;4 6 2 3 1 5;2 2 3 5 6 4
450 true 102 34
21.894100487000003 94 34
3
8 5 4 
11 15 9 9 10 12;13 17 17 15 16 14;15 16 13 13 14 17;17 13 15 14 13 16;14 14 16 17 15 13;9 10 12 16 17 11;16 12 10 10 11 9;12 11 14 12 9 10;10 9 11 11 12 15;5 8 0 0 7 6;8 5 6 6 0 7;0 7 8 8 6 5;7 6 5 7 8 0;1 3 2 2 3 4;4 4 7 3 2 1;2 0 3 1 4 8;6 2 4 5 1 3;3 1 1 4 5 2
450 true 102 34
16.730927422 87 33
3
3 1 1 
3 3 4 4 3 3;5 5 5 5 5 5;4 4 3 3 4 4;0 0 2 2 0 0;2 2 0 0 2 2;1 1 1 1 1 1
450 true 30 7
0.09753497000000001 8 5
3
7 5 4 
14 14 12 15 13 12;15 15 15 14 12 13;13 13 13 12 14 15;9 11 14 10 8 11;11 8 9 9 10 14;8 9 11 8 15 10;12 10 10 11 9 8;10 12 8 13 11 9;5 4 7 5 3 6;3 5 4 4 6 7;7 6 6 3 4 5;4 3 5 6 7 3;6 7 0 2 1 0;2 2 2 7 0 1;0 0 3 1 2 4;1 1 1 0 5 2
450 true 96 32
46.358252261000004 76 32
3
3 3 2 
6 7 6 6 6 6;5 4 7 5 4 7;7 5 5 7 7 4;4 6 4 4 5 5;3 1 3 3 1 2;1 2 2 1 3 3;0 3 0 0 0 0;2 0 1 2 2 1
450 true 48 16
0.187679603 22 16
3
2 3 2 
7 6 6 5 6 4;6 7 7 6 7 7;4 5 5 7 5 5;5 4 4 4 4 6;2 3 3 3 3 0;3 2 2 0 2 2;1 0 0 1 0 3;0 1 1 2 1 1
450 true 42 14
0.368085832 20 14
3
5 3 5 
13 11 10 9 8 12;11 13 11 10 12 11;10 10 13 12 11 10;8 9 12 8 7 13;12 8 9 13 9 7;9 12 7 7 13 8;7 7 8 11 10 9;6 6 5 5 3 4;3 4 6 3 0 5;5 3 4 0 4 6;2 2 0 1 6 2;1 0 1 6 2 1;4 5 3 2 1 0;0 1 2 4 5 3
450 true 78 26
35.559581014 62 26
3
5 5 4 
10 11 13 11 13 12;13 10 11 12 11 10;12 13 12 9 8 7;7 12 8 13 9 9;9 7 7 8 12 13;8 9 10 10 7 11;11 8 9 7 10 8;3 4 4 6 5 2;5 6 3 4 2 6;4 5 6 2 3 3;0 1 5 5 6 1;6 0 1 0 1 5;2 3 2 1 4 0;1 2 0 3 0 4
450 true 84 28
32.739916058 66 28
3
4 7 4 
11 9 9 10 8 10;13 14 13 15 12 15;14 12 12 13 15 13;15 15 14 12 13 14;10 11 15 14 9 8;8 10 11 9 14 11;9 8 10 8 11 12;12 13 8 11 10 9;5 6 7 6 0 4;6 0 0 5 4 7;4 5 6 0 7 0;0 4 5 7 6 5;7 2 2 3 1 6;1 7 1 2 3 2;2 1 3 4 5 3;3 3 4 1 2 1
450 true 90 30
95.80012942200001 72 30
3
3 6 5 
11 12 12 12 10 13;10 11 11 13 12 10;13 10 13 10 11 12;7 7 7 9 13 8;9 13 9 7 8 9;12 9 10 8 7 11;8 8 8 11 9 7;3 3 3 4 5 6;6 6 6 5 4 3;4 5 4 3 6 4;1 2 5 2 0 1;0 1 1 6 2 5;5 0 0 0 1 2;2 4 2 1 3 0
450 true 84 28
1.8533906580000001 60 28
3
10 5 9 
20 19 17 18 23 22;21 18 20 17 22 23;17 20 22 23 19 21;18 23 21 19 20 17;23 17 19 20 21 18;12 15 13 22 16 14;15 22 14 13 12 16;16 13 23 15 14 12;22 14 16 12 15 13;19 12 15 16 17 20;14 16 18 21 13 19;13 21 12 14 18 15;5 9 11 8 6 7;11 7 5 6 10 8;10 8 6 11 7 5;6 5 9 7 8 11;7 10 8 9 5 6;2 4 0 1 9 3;3 1 10 0 11 4;9 0 4 3 2 10;0 2 1 4 3 9;1 11 3 10 4 2;8 6 2 5 1 0;4 3 7 2 0 1
450 false 144 48
1.9929640990000002 144 48
3
4 2 3 
8 7 5 6 9 5;9 9 8 9 8 7;7 8 7 8 7 9;6 6 9 5 5 6;5 5 6 7 6 8;4 4 0 3 3 0;3 3 4 0 4 3;2 0 2 4 2 1;0 2 1 2 1 4;1 1 3 1 0 2
450 true 54 18
1.078568854 31 18
3
9 6 6 
14 11 18 19 21 20;16 18 17 20 19 21;19 17 16 21 20 18;20 19 21 16 18 17;21 16 20 18 17 19;11 15 19 14 12 13;12 20 11 15 13 14;13 21 12 11 14 15;17 14 13 12 15 16;18 13 15 17 11 12;15 12 14 13 16 11;5 0 6 7 9 10;6 10 7 8 5 9;7 9 8 10 6 5;0 8 10 5 7 6;10 5 9 6 8 7;1 4 2 3 10 8;8 2 1 9 4 3;9 1 0 4 3 2;2 3 5 0 1 4;3 6 4 1 2 0;4 7 3 2 0 1
450 false 126 42
3.301249216 126 42
3
5 1 4 
8 8 9 8 8 8;9 9 8 9 9 9;6 7 6 7 7 5;7 6 5 6 5 7;5 5 7 5 6 6;4 4 3 4 3 2;2 3 2 3 4 4;3 2 4 2 2 3;0 0 1 0 0 0;1 1 0 1 1 1
450 true 60 16
0.21533700500000003 26 13
3
9 8 11 
25 20 21 23 26 27;22 21 24 25 27 26;21 27 22 26 23 20;26 23 25 27 20 22;27 25 26 20 22 24;15 24 18 17 19 14;19 26 27 18 24 16;18 16 19 14 25 17;17 18 14 24 15 25;24 14 17 19 16 18;23 22 20 15 14 21;20 17 23 16 21 15;16 19 15 22 17 23;14 15 16 21 18 19;13 9 8 7 10 5;5 13 12 10 8 11;12 7 13 11 9 6;8 11 9 5 12 7;7 8 5 6 13 9;6 12 7 9 5 13;11 0 10 4 3 2;2 1 0 13 11 10;1 10 2 12 4 3;10 3 11 0 2 12;9 5 1 8 6 4;0 4 3 1 7 8;3 6 4 2 0 1;4 2 6 3 1 0
450 false 168 56
2.5485879660000004 168 56
3
4 1 5 
8 8 9 8 8 8;9 9 8 9 9 9;6 7 6 7 7 5;7 6 5 6 5 7;5 5 7 5 6 6;4 4 3 4 3 2;2 3 2 3 4 4;3 2 4 2 2 3;0 0 1 0 0 0;1 1 0 1 1 1
450 true 60 16
0.188387199 26 13
3
6 6 11 
14 17 15 13 12 16;19 20 18 21 22 23;20 19 21 23 18 22;18 22 23 20 19 21;23 21 22 18 20 19;22 23 20 19 21 18;15 14 17 16 23 13;21 16 12 15 13 14;17 15 13 22 14 12;16 18 14 12 17 15;13 12 19 14 16 17;12 13 16 17 15 20;11 10 7 9 0 8;10 11 8 0 7 6;0 6 9 10 8 7;6 8 0 7 11 9;9 7 11 6 10 0;8 0 6 11 9 10;3 9 1 4 2 5;1 2 10 5 3 4;2 1 5 3 4 11;7 4 2 1 5 3;5 3 4 8 1 2;4 5 3 2 6 1
450 false 138 46
70.925201911 138 46
3
6 3 4 
9 8 9 7 9 8;10 10 13 12 11 11;13 13 12 11 10 12;11 11 10 10 12 13;12 7 7 13 8 9;8 12 8 9 13 7;7 9 11 8 7 10;6 4 4 0 6 5;5 0 5 6 4 0;0 6 0 5 0 4;1 1 3 3 2 6;3 3 6 2 1 1;4 5 2 1 3 2;2 2 1 4 5 3
450 true 78 26
200.080363123 57 26
3
8 5 3 
14 15 13 12 12 14;12 12 14 15 15 13;15 14 15 13 14 12;13 13 12 14 13 15;10 10 8 9 10 11;8 8 11 8 9 10;11 11 9 10 11 8;9 9 10 11 8 9;5 5 4 5 7 6;7 7 6 4 5 7;4 4 7 6 4 5;6 6 5 7 6 4;1 1 3 0 0 2;3 3 0 2 3 1;0 2 1 3 2 0;2 0 2 1 1 3
450 true 96 32
12.040457915000001 64 24
3
8 7 4 
11 12 13 10 15 16;17 16 14 19 14 15;15 17 16 18 19 14;16 14 17 15 18 19;14 15 19 16 17 18;18 19 12 11 13 10;19 10 18 13 12 11;10 18 10 12 11 13;13 11 15 17 10 12;12 13 11 14 16 17;7 6 7 0 8 5;0 8 9 5 7 6;9 0 5 7 6 8;8 9 0 6 5 7;4 3 1 9 1 2;2 4 8 3 0 1;3 1 2 4 9 0;1 2 3 8 4 9;5 7 6 2 3 4;6 5 4 1 2 3
450 true 114 38
213.11095802300002 110 38
3
2 4 1 
5 5 5 5 5 4;7 6 6 6 6 6;6 7 7 7 7 7;4 4 4 4 4 5;3 3 3 3 3 0;0 0 0 0 0 3;2 1 1 1 1 1;1 2 2 2 2 2
450 true 42 11
0.155646388 14 9
3
4 7 9 
19 18 17 16 15 16;15 17 19 17 16 18;16 15 18 15 19 17;17 19 16 18 17 15;11 13 12 19 10 14;12 14 13 11 18 10;13 10 11 12 14 19;18 12 14 10 11 13;10 11 15 14 13 12;14 16 10 13 12 11;8 6 9 7 4 5;4 8 6 5 7 9;5 7 4 6 9 8;6 4 5 9 8 7;9 5 7 8 6 4;1 2 8 2 0 3;2 9 3 0 1 0;3 1 0 1 3 2;7 0 2 3 5 1;0 3 1 4 2 6
450 true 120 40
13.303332737000002 112 39
3
3 1 2 
5 5 5 5 5 5;4 3 3 3 3 3;3 4 4 4 4 4;2 1 1 1 1 1;1 2 2 2 2 2;0 0 0 0 0 0
450 true 36 10
0.053116279 10 8
3
4 7 7 
16 17 14 16 13 15;15 14 13 13 15 17;13 13 15 14 17 14;10 9 12 17 16 11;9 16 17 11 10 12;17 10 16 12 11 9;11 11 10 9 12 16;14 12 11 15 9 10;12 15 9 10 14 13;4 3 8 6 7 5;3 5 6 8 4 7;6 6 7 4 5 3;8 7 3 5 6 4;2 2 1 1 0 8;7 1 0 2 8 2;1 8 2 7 1 0;0 4 5 0 3 6;5 0 4 3 2 1
450 true 108 36
2.593455015 96 36
3
4 5 10 
13 11 12 10 12 14;15 19 16 19 17 18;19 18 17 18 15 16;17 17 18 16 19 15;16 15 15 17 18 19;18 16 19 15 16 17;12 14 11 11 13 10;10 10 13 12 14 11;11 13 14 13 10 12;14 12 10 14 11 13;7 7 9 0 8 6;8 0 6 6 9 7;6 9 0 7 0 8;0 8 7 8 6 9;9 6 8 9 7 0;1 4 4 5 2 3;4 5 1 3 5 2;3 3 2 4 1 5;5 2 3 2 4 1;2 1 5 1 3 4
450 true 114 38
19.242450033 95 29
3
4 7 10 
15 13 11 14 12 16;20 17 21 19 16 18;21 19 20 16 18 17;16 20 18 17 21 19;17 18 16 20 19 21;18 16 19 21 17 20;11 21 12 15 14 13;13 14 15 12 11 14;14 12 13 11 20 15;12 15 14 18 13 11;19 11 17 13 15 12;6 10 0 8 7 9;9 8 6 7 0 10;7 0 8 10 9 6;8 7 9 0 6 7;0 9 7 6 10 8;3 5 4 2 1 0;4 1 10 3 5 2;5 4 3 9 2 1;10 2 5 1 4 3;1 3 2 4 8 5;2 6 1 5 3 4
450 true 126 42
29.840064721 124 40
3
2 4 7 
10 10 7 8 8 9;11 12 11 13 12 13;13 13 12 11 13 11;12 11 13 12 11 12;9 9 10 10 7 8;8 7 8 7 9 10;7 8 9 9 10 7;6 5 0 5 4 6;5 6 5 0 0 4;4 4 6 6 5 0;0 0 4 4 6 5;1 3 1 2 3 2;3 1 2 3 1 3;2 2 3 1 2 1
450 true 78 26
1.351392932 46 20
3
2 6 4 
11 10 11 10 9 11;10 11 9 11 10 10;9 9 10 9 11 9;6 6 8 6 8 7;8 8 6 7 6 8;7 7 7 8 7 6;3 3 4 3 4 5;5 5 5 4 5 3;4 4 3 5 3 4;2 2 1 2 0 2;1 0 2 0 1 1;0 1 0 1 2 0
450 true 72 24
0.490401069 36 18
3
3 5 2 
9 8 8 8 8 8;8 9 9 9 9 9;7 6 7 7 5 7;6 7 6 6 6 5;5 5 5 5 7 6;4 4 4 4 2 3;3 2 3 3 3 4;2 3 2 2 4 2;1 0 0 0 0 0;0 1 1 1 1 1
450 true 60 20
0.251206607 26 15
3
1 4 4 
5 9 6 8 7 8;8 8 8 9 9 7;7 7 7 7 8 9;6 6 9 6 6 5;9 5 5 5 5 6;0 4 4 4 4 3;3 3 0 3 3 4;2 2 2 2 0 1;1 1 1 0 2 0;4 0 3 1 1 2
450 true 54 14
0.7516500530000001 29 14
3
4 1 4 
5 9 6 8 7 8;8 8 8 9 9 7;7 7 7 7 8 9;6 6 9 6 6 5;9 5 5 5 5 6;0 4 4 4 4 3;3 3 0 3 3 4;2 2 2 2 0 1;1 1 1 0 2 0;4 0 3 1 1 2
450 true 54 14
0.6957579100000001 29 14
3
5 1 5 
9 7 10 6 11 8;11 10 9 10 10 9;10 9 11 9 9 10;8 8 8 7 6 11;7 11 7 8 7 6;6 6 6 11 8 7;5 5 5 0 3 4;4 0 4 3 4 5;3 3 3 4 5 0;0 2 1 2 2 1;2 1 0 1 1 2;1 4 2 5 0 3
450 true 66 17
4.275844788000001 42 17
3
5 2 7 
11 11 11 11 13 12;12 12 12 13 12 11;13 13 13 12 11 13;8 7 7 8 9 10;7 10 8 7 8 9;10 9 10 10 7 8;9 8 9 9 10 7;4 3 3 4 5 6;3 6 4 3 4 5;6 5 6 6 3 4;5 4 5 5 6 3;0 0 0 0 2 1;1 1 1 2 1 0;2 2 2 1 0 2
450 true 84 28
0.9193800000000001 50 21
3
8 4 8 
15 16 17 14 17 18;17 14 16 19 15 15;18 15 19 16 14 17;16 17 15 18 19 14;12 19 11 10 11 13;11 12 18 13 10 19;19 18 10 11 13 12;10 11 12 12 18 10;13 10 14 15 12 16;14 13 13 17 16 11;7 8 6 4 5 7;5 7 4 6 4 9;4 5 7 7 8 6;8 9 9 5 6 4;9 1 8 0 2 3;0 2 3 8 1 1;3 0 1 2 9 8;1 3 0 9 0 2;2 6 5 3 7 0;6 4 2 1 3 5
450 true 120 40
190.514014903 108 40
3
7 7 6 
14 15 16 17 19 18;16 14 17 15 18 19;17 16 18 19 14 15;13 18 19 10 17 12;18 19 10 11 12 13;19 10 11 12 13 17;12 17 13 18 11 10;15 12 14 13 16 11;10 11 12 14 15 16;11 13 15 16 10 14;8 5 4 3 9 6;9 8 5 4 6 7;6 7 8 5 4 3;3 9 6 7 5 4;0 1 7 8 2 9;7 0 9 1 8 2;1 2 0 9 7 8;2 6 1 0 3 5;4 3 2 6 1 0;5 4 3 2 0 1
900 false 120 40
1.084366729 120 40
3
6 6 7 
10 13 16 18 17 19;17 14 15 16 19 18;14 17 18 19 15 16;15 18 19 14 16 17;11 19 17 13 12 10;18 11 10 17 13 12;19 10 12 11 18 13;16 12 13 15 14 11;12 16 14 10 11 15;13 15 11 12 10 14;0 6 5 8 9 4;4 5 9 6 8 7;8 7 6 9 4 5;9 0 7 4 5 6;2 1 8 3 7 9;3 9 1 7 2 8;7 8 0 1 3 2;1 2 4 5 0 3;5 3 2 0 6 1;6 4 3 2 1 0
900 false 114 38
1.418691359 114 38
3
6 5 8 
12 11 15 10 13 16;15 14 16 18 17 19;14 16 19 17 18 15;18 19 14 16 15 17;19 17 18 15 16 14;10 18 13 19 12 11;13 10 17 12 11 18;17 13 12 11 19 10;16 12 11 14 10 13;11 15 10 13 14 12;5 6 9 0 8 7;9 0 8 7 6 5;0 8 7 6 5 9;6 7 5 9 0 8;2 1 3 8 9 4;1 9 0 4 3 2;8 2 1 3 4 0;7 4 6 2 1 3;3 5 4 1 2 6;4 3 2 5 7 1
900 false 114 38
1.7993382260000002 114 38
4
4 4 4 4 
10 12 13 11 15 14;11 14 12 10 13 15;15 9 8 13 14 12;12 13 14 15 8 9;8 15 10 14 9 11;14 11 15 9 10 8;13 8 9 12 11 10;9 10 11 8 12 13;4 6 2 7 3 5;7 2 6 5 4 3;0 7 4 1 5 6;1 5 7 0 6 4;3 0 1 6 7 2;6 3 0 2 1 7;5 1 3 4 2 0;2 4 5 3 0 1
900 false 96 48
8.966899789000001 96 48
4
1 4 3 4 
9 8 11 10 9 8;11 10 10 8 11 9;10 7 7 6 6 11;7 6 6 11 10 7;8 9 8 9 7 6;6 11 9 7 8 10;5 3 3 2 2 4;3 2 2 5 4 3;4 0 4 1 5 0;0 4 5 4 0 1;2 1 1 0 3 5;1 5 0 3 1 2
900 true 72 31
14.220105013000001 52 31
4
1 3 3 4 
8 7 10 9 6 11;11 9 8 8 10 10;10 11 9 10 8 9;6 10 6 7 11 6;9 8 11 6 7 7;7 6 7 11 9 8;3 5 3 4 0 3;5 0 5 3 4 4;0 4 1 1 2 5;4 1 2 0 5 2;2 3 0 2 1 1;1 2 4 5 3 0
900 true 66 28
22.663114529 50 28
4
1 4 3 4 
9 8 11 10 9 8;11 10 10 8 11 9;10 7 7 6 6 11;7 6 6 11 10 7;8 9 8 9 7 6;6 11 9 7 8 10;5 3 3 2 2 4;3 2 2 5 4 3;4 0 4 1 5 0;0 4 5 4 0 1;2 1 1 0 3 5;1 5 0 3 1 2
900 true 72 31
11.942859956000001 52 31
4
2 4 2 5 
8 8 9 13 10 7;12 11 10 10 13 11;11 12 13 12 11 10;9 7 12 9 8 13;13 9 7 7 12 8;10 13 8 11 7 9;7 10 11 8 9 12;6 3 4 4 5 0;0 0 5 6 3 4;3 4 0 3 6 5;5 6 1 1 0 2;2 1 6 5 2 1;1 2 3 2 4 6;4 5 2 0 1 3
900 true 78 39
23.897880221 65 39
4
3 5 4 4 
12 15 14 14 13 11;15 12 11 12 14 13;10 14 8 13 15 9;14 13 10 8 9 15;8 10 9 15 11 12;9 11 15 10 12 8;13 9 12 11 8 10;11 8 13 9 10 14;4 7 2 3 6 5;5 6 4 7 3 2;2 4 3 5 7 6;7 5 1 6 4 0;0 1 6 1 5 4;6 3 7 2 0 1;3 2 0 0 1 7;1 0 5 4 2 3
900 true 96 48
25.651961415000002 92 48
4
1 5 3 5 
11 10 12 10 13 10;10 12 11 13 10 11;13 7 7 8 9 12;8 9 9 7 12 13;7 8 13 12 8 9;9 11 10 11 7 8;12 13 8 9 11 7;4 2 2 3 5 6;3 4 6 2 4 5;5 3 3 6 2 4;1 0 5 0 1 0;0 5 1 5 6 1;6 1 0 4 3 2;2 6 4 1 0 3
900 true 84 36
76.48989251900001 68 35
4
2 5 3 5 
11 8 12 13 9 10;15 14 13 12 11 12;13 11 11 15 12 14;10 13 15 8 14 9;9 15 10 14 8 13;14 9 8 10 13 15;12 10 9 11 15 8;8 12 14 9 10 11;7 0 5 3 4 6;4 5 6 7 0 3;3 6 4 5 7 0;0 2 2 6 1 7;6 7 0 1 2 1;2 3 1 0 5 4;5 1 7 4 3 2;1 4 3 2 6 5
900 true 90 45
159.65719088600002 86 44
4
1 4 2 1 
7 6 6 6 6 6;6 7 7 7 7 7;4 4 4 4 5 4;5 5 5 5 4 5;2 2 2 2 3 2;3 3 3 3 2 3;1 0 0 0 0 0;0 1 1 1 1 1
900 true 48 18
0.14902136800000002 16 12
4
2 4 2 3 
10 9 8 11 7 6;8 11 11 9 8 10;9 10 10 8 11 9;11 6 6 6 10 7;7 8 9 7 6 11;6 7 7 10 9 8;5 3 3 3 4 0;4 5 5 4 0 3;1 4 0 2 1 5;2 0 4 1 5 2;0 2 2 5 3 1;3 1 1 0 2 4
900 true 66 33
17.361996091 50 33
4
2 4 2 2 
7 7 8 7 9 9;9 8 9 8 7 8;8 5 5 9 5 6;6 9 7 6 6 5;5 6 6 5 8 7;4 2 2 4 2 3;3 4 4 3 3 2;0 0 3 0 1 4;2 1 0 1 4 1;1 3 1 2 0 0
900 true 60 30
0.8198428980000001 36 30
4
1 4 2 2 
9 5 5 5 6 7;7 8 8 7 7 9;8 7 9 8 9 8;6 6 6 9 8 5;5 9 7 6 5 6;4 0 0 0 4 3;3 3 3 4 0 4;1 2 4 1 1 0;2 1 1 2 3 2;0 4 2 3 2 1
900 true 54 23
0.9212299410000001 32 23
4
1 4 3 1 
5 5 5 8 6 9;9 8 8 9 7 8;7 7 9 7 8 7;6 9 6 6 5 5;8 6 7 5 9 6;0 0 0 4 3 3;3 4 3 3 0 4;2 2 4 2 1 2;4 1 1 0 2 1;1 3 2 1 4 0
900 true 54 20
0.5109248040000001 32 20
4
1 5 4 1 
8 7 6 8 8 9;10 10 9 10 11 11;9 9 10 11 9 10;11 6 7 6 6 8;7 8 11 7 7 6;6 11 8 9 10 7;5 3 0 3 3 4;4 0 3 4 4 5;0 4 5 0 0 3;2 2 1 5 2 0;1 1 2 1 5 2;3 5 4 2 1 1
900 true 66 24
1.127183781 44 24
4
2 5 3 2 
11 10 10 9 11 10;9 11 11 10 9 9;7 6 6 11 10 8;8 7 8 6 6 7;6 8 9 8 7 11;10 9 7 7 8 6;4 2 2 3 3 5;2 3 5 5 4 3;3 4 3 4 5 2;1 5 4 0 1 1;5 0 0 1 2 0;0 1 1 2 0 4
900 true 72 36
3.200774613 48 34
4
2 3 3 1 
8 5 5 6 9 7;7 8 8 9 7 8;5 9 9 5 8 6;6 6 6 8 5 9;9 7 7 7 6 5;2 0 0 2 3 4;3 3 3 0 4 2;1 4 4 4 1 0;0 1 1 3 2 1;4 2 2 1 0 3
900 true 54 23
0.66656136 35 23
4
1 4 2 1 
7 6 6 6 6 6;6 7 7 7 7 7;4 4 4 4 5 4;5 5 5 5 4 5;2 2 2 2 3 2;3 3 3 3 2 3;1 0 0 0 0 0;0 1 1 1 1 1
900 true 48 18
0.147834019 16 12
4
2 3 2 2 
7 7 6 5 8 9;9 9 7 8 9 7;8 5 5 9 6 8;6 6 9 6 7 5;5 8 8 7 5 6;4 2 2 0 4 3;3 3 0 3 2 4;0 0 1 4 3 1;2 4 4 1 0 2;1 1 3 2 1 0
900 true 54 27
0.641104452 35 27
4
4 6 4 5 
18 15 17 19 10 12;13 19 15 14 16 18;17 18 14 16 13 15;14 13 16 15 19 17;19 11 10 18 12 16;10 16 18 17 11 19;12 14 13 11 18 10;11 12 19 13 15 14;15 10 11 12 17 13;16 17 12 10 14 11;5 8 4 9 0 6;7 4 8 6 5 9;6 7 9 8 4 0;1 3 6 7 2 8;3 6 2 1 9 7;8 0 1 3 7 2;9 5 3 2 1 4;2 9 0 5 8 3;0 2 5 4 6 1;4 1 7 0 3 5
900 false 114 57
8.373055134000001 114 57
4
2 4 3 1 
9 9 8 8 8 7;7 8 7 7 9 9;6 6 5 9 5 6;5 5 6 5 7 8;8 7 9 6 6 5;3 3 2 3 2 4;2 2 3 4 4 2;1 4 1 1 3 0;4 1 0 0 0 3;0 0 4 2 1 1
900 true 60 26
0.491496735 36 26
4
5 5 4 7 
12 11 15 14 17 13;17 18 19 16 15 21;16 20 18 21 19 15;21 15 20 17 16 19;20 12 11 13 18 14;18 13 17 19 20 12;19 17 21 20 11 18;11 21 14 12 13 16;15 14 12 11 21 20;13 19 16 18 14 11;14 16 13 15 12 17;7 0 4 8 6 9;0 4 8 7 10 5;9 5 10 4 7 0;10 8 7 0 9 4;8 3 0 10 1 2;2 10 9 1 3 7;1 6 5 3 0 10;5 1 2 9 4 6;6 9 1 5 2 3;4 2 3 6 5 8;3 7 6 2 8 1
900 false 126 63
28.992994592000002 126 63
4
7 5 6 7 
18 15 16 23 17 14;25 17 19 24 18 21;19 20 23 22 25 17;20 19 18 17 22 25;15 22 24 25 13 20;16 21 14 15 20 23;14 25 13 21 16 22;21 16 22 20 14 24;24 23 25 18 15 13;13 24 15 16 23 18;23 13 17 14 24 19;17 14 20 19 21 16;22 18 21 13 19 15;9 10 6 12 4 8;6 11 5 10 7 0;4 0 9 5 8 12;5 7 0 9 6 11;11 1 10 3 0 2;0 12 3 8 1 9;2 3 1 11 12 10;3 2 11 7 5 4;7 5 12 6 11 1;12 4 7 2 3 6;10 8 2 0 9 5;8 9 4 1 10 7;1 6 8 4 2 3
900 false 150 75
24.324182903 150 75
4
1 4 3 2 
9 9 8 8 8 7;7 8 7 7 9 9;6 6 5 9 5 6;5 5 6 5 7 8;8 7 9 6 6 5;3 3 2 3 2 4;2 2 3 4 4 2;1 4 1 1 3 0;4 1 0 0 0 3;0 0 4 2 1 1
900 true 60 26
0.5435789280000001 36 26
4
1 4 3 1 
5 5 5 8 6 9;9 8 8 9 7 8;7 7 9 7 8 7;6 9 6 6 5 5;8 6 7 5 9 6;0 0 0 4 3 3;3 4 3 3 0 4;2 2 4 2 1 2;4 1 1 0 2 1;1 3 2 1 4 0
900 true 54 20
0.41916691300000003 32 20
4
2 4 3 3 
9 8 10 11 11 9;10 9 11 8 8 10;11 7 7 7 10 6;8 11 6 6 9 7;6 6 8 9 7 11;7 10 9 10 6 8;4 4 3 3 5 2;5 2 2 2 4 3;3 0 4 1 1 5;0 1 5 4 3 0;1 5 0 5 2 1;2 3 1 0 0 4
900 true 72 36
1.32298928 54 36
4
3 4 2 7 
14 14 14 15 13 12;12 12 12 13 15 14;15 13 15 14 12 13;11 11 8 8 9 10;8 9 11 10 10 15;13 15 10 9 11 8;9 10 9 12 8 11;10 8 13 11 14 9;4 7 3 3 6 5;6 4 6 5 3 7;7 6 5 4 4 3;3 3 4 7 5 6;1 1 1 6 2 0;5 2 7 1 0 2;0 0 0 2 7 1;2 5 2 0 1 4
900 true 96 48
6.034794799 76 42
4
4 3 5 6 
13 15 14 12 16 17;15 12 16 14 17 13;12 13 15 17 14 16;11 9 17 16 15 10;16 17 11 9 10 15;17 14 9 10 13 11;14 11 10 13 12 9;9 10 12 15 11 14;10 16 13 11 9 12;7 3 5 4 8 6;8 7 6 5 4 3;3 6 4 8 7 5;2 1 7 0 6 8;0 2 8 6 5 1;6 5 0 1 2 7;1 0 2 7 3 4;4 8 1 3 0 2;5 4 3 2 1 0
900 false 108 54
2.8173387460000003 108 53
4
6 3 4 5 
13 15 14 12 16 17;15 12 16 14 17 13;12 13 15 17 14 16;11 9 17 16 15 10;16 17 11 9 10 15;17 14 9 10 13 11;14 11 10 13 12 9;9 10 12 15 11 14;10 16 13 11 9 12;7 3 5 4 8 6;8 7 6 5 4 3;3 6 4 8 7 5;2 1 7 0 6 8;0 2 8 6 5 1;6 5 0 1 2 7;1 0 2 7 3 4;4 8 1 3 0 2;5 4 3 2 1 0
900 false 108 54
2.550905687 108 53
4
5 3 4 8 
16 18 15 14 19 17;15 14 17 19 18 16;17 19 18 16 14 15;14 15 16 18 17 19;13 17 19 10 11 12;12 11 10 17 13 18;19 10 12 11 15 13;10 12 11 13 16 14;11 13 14 15 12 10;18 16 13 12 10 11;7 6 5 4 9 8;8 5 7 6 4 9;5 7 6 9 8 4;4 8 9 7 5 6;3 1 8 0 2 7;1 3 0 8 6 2;0 9 3 2 7 1;2 4 1 5 3 0;9 0 2 3 1 5;6 2 4 1 0 3
900 false 120 60
3.531586207 120 56
4
3 4 4 6 
13 11 12 15 9 10;16 14 17 12 13 15;15 12 16 13 14 17;12 13 15 14 17 16;11 10 14 17 16 9;10 17 9 11 15 14;9 16 11 10 12 13;17 9 10 16 11 12;14 15 13 9 10 11;6 7 5 8 0 4;5 4 7 6 8 0;4 0 6 5 7 8;3 2 0 1 6 7;0 3 8 2 1 6;8 1 4 3 2 5;2 8 3 0 5 1;1 6 2 7 4 3;7 5 1 4 3 2
900 false 102 51
4.262010093000001 102 50
4
5 8 3 4 
16 18 15 14 19 17;15 14 17 19 18 16;17 19 18 16 14 15;14 15 16 18 17 19;13 17 19 10 11 12;12 11 10 17 13 18;19 10 12 11 15 13;10 12 11 13 16 14;11 13 14 15 12 10;18 16 13 12 10 11;7 6 5 4 9 8;8 5 7 6 4 9;5 7 6 9 8 4;4 8 9 7 5 6;3 1 8 0 2 7;1 3 0 8 6 2;0 9 3 2 7 1;2 4 1 5 3 0;9 0 2 3 1 5;6 2 4 1 0 3
900 false 120 60
3.320941098 120 56
4
4 6 2 6 
12 15 14 13 16 17;13 12 15 14 17 16;15 16 12 17 14 13;10 17 9 16 15 11;17 11 16 15 9 10;16 10 17 9 11 15;9 14 13 11 10 12;11 9 10 12 13 14;14 13 11 10 12 9;6 7 3 5 4 8;3 5 7 8 6 4;7 4 8 6 5 3;0 1 2 7 8 6;1 8 6 0 7 2;8 6 0 1 2 7;2 0 1 4 3 5;5 2 4 3 0 1;4 3 5 2 1 0
900 false 108 54
1.851871687 108 48
4
2 6 6 4 
12 15 14 13 16 17;13 12 15 14 17 16;15 16 12 17 14 13;10 17 9 16 15 11;17 11 16 15 9 10;16 10 17 9 11 15;9 14 13 11 10 12;11 9 10 12 13 14;14 13 11 10 12 9;6 7 3 5 4 8;3 5 7 8 6 4;7 4 8 6 5 3;0 1 2 7 8 6;1 8 6 0 7 2;8 6 0 1 2 7;2 0 1 4 3 5;5 2 4 3 0 1;4 3 5 2 1 0
900 false 108 54
1.6682635300000002 108 48
4
4 6 4 3 
13 11 12 15 9 10;16 14 17 12 13 15;15 12 16 13 14 17;12 13 15 14 17 16;11 10 14 17 16 9;10 17 9 11 15 14;9 16 11 10 12 13;17 9 10 16 11 12;14 15 13 9 10 11;6 7 5 8 0 4;5 4 7 6 8 0;4 0 6 5 7 8;3 2 0 1 6 7;0 3 8 2 1 6;8 1 4 3 2 5;2 8 3 0 5 1;1 6 2 7 4 3;7 5 1 4 3 2
900 false 102 51
4.480976654 102 50
4
2 8 7 5 
18 15 17 21 16 19;19 16 18 17 15 20;20 21 15 18 17 16;21 18 20 16 19 15;13 19 11 20 21 14;12 13 19 14 20 11;14 20 21 13 11 12;11 12 16 15 14 13;16 17 12 11 13 18;17 11 14 12 18 21;15 14 13 19 12 17;7 9 4 8 6 5;5 7 8 9 10 6;4 5 10 6 8 7;6 10 9 5 7 4;10 0 2 7 1 3;8 1 7 3 0 2;9 8 0 1 2 10;0 3 1 2 9 8;1 4 5 10 3 0;2 6 3 4 5 1;3 2 6 0 4 9
900 false 132 66
9.507258336000001 132 58
4
1 7 8 7 
17 18 13 12 21 14;21 17 20 16 19 23;20 16 19 22 17 18;16 19 18 23 20 22;22 21 23 17 16 19;15 22 14 20 13 21;23 20 21 14 22 12;14 15 22 21 23 20;19 12 15 13 18 17;18 23 12 15 14 13;13 14 16 19 12 15;12 13 17 18 15 16;11 8 9 0 10 6;10 11 0 8 5 9;7 10 5 6 9 0;5 7 8 9 11 10;3 2 10 1 4 11;0 1 11 4 2 8;9 0 3 11 8 2;8 3 2 10 1 4;2 6 1 5 3 7;1 4 6 7 0 5;4 5 7 2 6 3;6 9 4 3 7 1
900 false 138 58
11.860290711000001 138 53
4
1 8 6 9 
19 22 17 21 20 18;18 17 22 20 21 19;22 19 20 17 18 23;20 18 23 22 19 21;21 16 13 23 12 14;12 15 16 14 22 13;14 12 21 15 23 16;23 21 12 16 15 22;15 13 14 18 17 20;16 14 15 12 13 17;13 20 18 19 14 15;17 23 19 13 16 12;5 6 7 9 4 11;10 8 4 11 9 5;6 9 8 5 10 4;8 5 9 6 7 10;9 4 5 7 11 6;11 1 0 2 8 9;1 3 10 8 2 0;0 2 11 10 3 1;3 10 2 1 0 8;4 7 6 0 1 3;2 0 1 3 5 7;7 11 3 4 6 2
900 false 144 61
11.675724265000001 144 55
4
1 8 6 8 
16 15 20 21 18 19;18 16 19 22 20 21;23 22 17 19 21 20;17 20 21 18 19 16;21 19 22 16 17 18;22 23 13 20 15 14;12 13 23 14 22 15;20 21 12 15 14 13;13 14 15 23 12 22;19 18 16 12 13 17;14 12 18 17 16 23;15 17 14 13 23 12;6 10 7 9 8 11;8 6 5 11 9 7;10 8 11 6 7 5;11 0 8 7 5 6;0 1 9 4 10 3;3 11 2 10 4 9;1 9 10 3 0 4;9 4 1 2 3 0;7 3 0 5 1 2;4 7 3 0 2 1;5 2 4 1 6 8;2 5 6 8 11 10
900 false 138 58
7.458988071 138 53
4
9 12 9 8 
28 31 27 29 34 25;31 33 29 27 30 37;27 26 37 32 28 31;33 34 30 37 36 29;34 30 33 31 26 35;30 27 36 26 25 33;22 36 32 33 31 21;35 23 22 30 21 34;36 35 23 22 32 19;32 22 24 23 37 20;21 37 35 34 22 26;19 29 25 28 20 36;37 25 34 35 19 23;24 28 21 36 29 27;25 19 28 21 35 24;23 24 31 20 27 28;29 20 26 24 23 32;20 21 19 25 33 22;26 32 20 19 24 30;11 14 17 18 12 8;17 16 18 15 11 9;10 17 13 14 7 6;6 9 7 8 10 17;15 7 8 9 16 12;13 15 9 16 18 14;14 12 11 17 5 0;18 2 16 5 4 10;2 5 0 1 15 13;0 13 14 11 2 15;16 11 1 0 13 3;5 4 3 7 1 18;1 0 15 4 6 2;9 18 6 2 8 16;3 1 4 6 17 5;4 3 12 10 0 7;7 8 10 12 14 4;8 6 5 13 3 11;12 10 2 3 9 1
900 false 228 114
248.48353645300003 228 114
4
9 15 11 10 
30 29 31 23 34 24;39 45 37 34 41 32;34 37 45 36 43 40;45 43 44 38 36 31;38 35 33 40 32 44;40 38 39 41 33 35;44 32 41 43 45 38;32 44 35 33 37 42;41 27 23 45 39 26;37 40 28 42 24 25;42 41 36 39 40 27;24 36 42 44 38 30;23 42 24 27 29 37;27 23 43 30 28 36;33 30 34 35 31 43;26 33 27 32 42 28;43 24 25 31 44 29;28 31 26 25 30 45;25 34 29 26 23 41;35 28 32 24 27 39;31 26 38 37 25 23;29 39 40 28 26 33;36 25 30 29 35 34;12 13 8 0 18 20;11 16 12 19 9 0;18 22 16 17 20 9;15 20 17 18 21 8;13 8 15 12 19 10;17 19 9 21 13 15;21 0 18 22 12 16;0 14 22 13 17 11;20 17 0 16 14 3;7 6 19 15 4 1;14 15 4 7 5 21;2 18 14 1 0 22;19 4 7 14 22 5;22 11 10 2 3 13;9 2 1 20 7 12;4 5 20 3 11 6;1 21 5 10 8 19;5 9 21 4 10 2;8 10 6 5 1 18;10 12 11 9 15 7;16 3 13 6 2 14;6 7 3 11 16 4;3 1 2 8 6 17
900 false 270 135
498.0817963 270 135
4
2 9 7 7 
19 18 20 23 24 13;22 24 25 18 20 21;23 25 22 24 21 20;21 22 24 25 23 18;24 23 21 22 25 19;15 16 17 21 22 14;13 17 15 16 14 22;25 21 23 15 17 16;17 13 16 14 15 24;20 19 18 13 16 25;18 20 14 19 13 15;16 14 19 20 18 17;14 15 13 17 19 23;6 8 12 9 10 0;12 11 10 8 6 5;5 12 6 7 8 10;11 5 8 6 9 7;8 6 5 12 7 11;10 0 9 1 11 3;0 9 11 10 12 4;9 10 0 11 1 2;3 7 4 5 2 1;1 3 2 4 5 6;2 4 7 0 3 12;4 1 3 2 0 8;7 2 1 3 4 9
900 false 150 75
112.736589339 150 64
4
3 10 9 9 
21 22 26 17 23 19;31 23 24 25 29 22;30 21 22 23 25 26;22 24 23 30 21 27;23 29 21 26 22 30;28 26 30 29 27 25;27 30 19 28 18 20;29 27 18 19 26 28;19 28 29 27 16 31;16 18 27 31 28 17;20 17 16 22 30 18;17 16 20 18 31 24;25 31 17 16 24 21;24 19 25 20 17 16;18 25 31 24 20 23;26 20 28 21 19 29;9 11 10 12 8 13;11 10 12 0 13 9;14 9 7 11 6 10;8 13 6 7 15 0;10 15 11 13 14 6;0 2 4 15 3 12;3 0 2 10 4 1;4 1 3 2 0 14;13 3 1 14 12 11;12 14 13 1 2 5;15 5 0 4 7 2;6 7 9 8 5 3;5 8 15 6 9 7;7 4 8 5 1 15;2 6 5 3 10 4;1 12 14 9 11 8
900 false 186 93
48.947557288000006 186 83
4
4 12 7 9 
29 28 30 27 23 24;26 27 25 28 31 22;22 25 23 31 26 28;24 31 26 23 22 29;25 22 28 29 24 30;31 23 24 25 29 26;30 20 16 17 21 27;27 30 21 16 20 19;21 29 31 20 28 18;16 21 27 18 19 20;19 16 18 22 30 17;18 17 19 30 16 23;20 18 17 19 25 21;23 24 22 26 17 31;17 19 20 21 27 25;28 26 29 24 18 16;9 10 6 7 11 15;14 11 12 6 13 10;11 12 10 9 15 8;10 14 11 12 9 7;12 6 14 8 7 9;8 9 7 14 6 12;2 4 13 10 3 1;13 5 2 3 0 11;3 13 5 15 4 0;4 2 1 5 12 14;1 15 3 13 2 5;7 1 9 0 14 6;15 0 4 1 8 2;0 8 15 4 5 3;6 7 0 11 10 4;5 3 8 2 1 13
900 false 192 96
566.669143385 192 92
4
7 10 11 5 
25 20 24 26 19 17;31 23 29 28 24 26;29 30 28 27 23 31;27 26 33 23 30 24;23 29 30 32 28 25;26 27 23 25 33 30;19 31 17 18 29 32;17 22 18 29 21 33;32 17 22 30 20 21;18 28 21 33 17 22;28 33 32 21 22 19;22 24 25 17 32 20;33 32 31 19 18 27;24 25 26 20 31 23;21 19 20 31 27 18;20 21 19 22 25 28;30 18 27 24 26 29;7 8 6 11 9 0;9 16 7 6 12 14;6 14 15 12 0 10;15 0 14 13 8 11;14 15 9 10 7 8;11 7 8 15 10 9;4 1 5 3 2 13;13 11 0 16 1 3;0 13 11 5 15 4;5 3 13 0 16 1;3 5 16 2 14 12;10 9 2 1 4 15;2 4 1 7 6 16;16 2 4 8 3 5;1 6 12 14 13 2;8 12 10 4 11 6;12 10 3 9 5 7
900 false 198 99
883.98269429 198 97
4
6 13 9 6 
28 32 31 33 24 25;30 31 33 32 28 26;31 24 26 28 30 27;29 30 24 25 27 32;25 33 27 24 26 29;33 27 28 26 31 30;21 23 17 29 32 22;20 29 18 17 19 31;19 20 29 23 22 18;32 28 21 19 23 17;18 19 23 30 21 33;24 17 32 20 25 21;17 26 20 18 33 23;27 22 25 31 20 19;26 25 22 21 29 20;23 18 30 22 17 24;22 21 19 27 18 28;12 11 6 7 15 9;10 15 7 12 16 8;8 10 16 9 7 13;7 8 12 11 13 14;6 16 9 14 10 11;16 13 14 15 8 6;15 6 10 8 9 12;11 2 3 4 0 15;4 14 13 3 11 0;14 12 2 5 4 1;13 5 4 16 3 2;0 9 5 2 1 16;3 7 8 6 14 4;1 3 15 10 2 5;2 1 0 13 5 7;9 0 11 1 6 3;5 4 1 0 12 10
900 false 204 102
733.967539965 204 101
4
9 16 10 8 
37 34 33 22 29 27;42 39 30 43 37 31;35 37 40 38 42 33;34 40 42 30 33 36;38 32 41 36 40 39;33 43 39 40 38 34;36 35 43 39 32 41;32 33 31 41 30 43;43 42 37 35 39 32;24 28 35 23 25 40;27 38 28 37 22 42;28 23 25 24 27 35;23 24 36 27 41 29;25 41 38 28 36 26;41 29 23 32 24 22;40 30 22 34 26 28;26 27 34 29 43 25;30 25 24 42 31 23;39 26 29 25 34 24;22 36 26 31 23 30;29 31 27 33 35 38;31 22 32 26 28 37;19 21 15 0 10 14;12 11 14 9 19 17;9 12 17 11 14 18;13 17 11 18 9 16;16 18 19 21 15 13;10 16 20 12 11 0;11 9 10 13 21 15;20 14 18 16 0 12;17 15 1 3 7 19;21 20 7 19 17 1;7 4 21 14 6 8;5 7 0 20 3 2;3 0 16 15 18 5;2 6 9 8 20 11;6 19 12 4 13 3;0 2 8 10 1 21;4 10 13 2 5 20;18 1 5 6 8 4;15 3 2 5 4 9;14 13 4 7 12 6;1 8 3 17 2 10;8 5 6 1 16 7
900 false 258 129
864.821866332 258 124
4
11 17 12 10 
43 42 40 36 49 41;37 39 44 49 35 48;42 44 39 40 47 45;38 47 35 37 40 39;40 43 41 38 48 37;46 45 48 47 38 43;34 40 46 44 37 35;36 34 49 39 42 46;30 29 31 45 44 49;49 46 28 32 43 30;33 41 29 43 28 47;44 48 42 31 30 27;48 25 47 33 31 42;41 31 30 46 29 26;35 26 33 48 27 25;28 37 45 30 34 33;45 35 38 34 39 29;31 36 37 26 45 32;47 49 26 27 46 38;26 28 36 29 32 34;32 27 25 28 41 36;39 30 32 41 25 31;27 38 43 25 36 44;25 32 34 42 33 28;29 33 27 35 26 40;23 12 20 22 21 14;19 14 18 17 24 13;22 20 24 18 14 11;15 19 9 20 10 23;24 8 10 19 13 16;8 21 13 15 11 9;17 13 8 11 12 21;20 23 21 9 19 17;10 24 14 12 23 15;6 7 23 16 15 19;14 16 3 24 1 6;7 17 19 0 22 20;1 15 17 3 6 4;3 22 16 4 5 18;21 1 2 7 16 3;4 6 0 2 3 24;13 10 4 21 20 0;2 0 11 23 7 12;0 4 22 10 9 5;11 2 1 6 8 22;16 5 15 8 17 2;5 9 6 13 18 7;18 3 12 5 2 10;12 11 5 14 4 1;9 18 7 1 0 8
900 false 300 150
402.958195583 300 147
4
14 16 9 12 
32 33 31 28 30 26;39 35 40 44 38 37;48 36 38 39 40 46;47 51 48 50 42 39;35 39 36 40 51 45;44 41 35 45 50 43;38 47 49 46 43 40;45 46 44 41 49 36;36 38 47 34 44 42;46 29 43 48 33 51;30 44 50 32 26 33;26 43 29 51 28 30;41 45 42 43 31 47;29 30 46 42 41 49;50 48 28 29 45 27;43 42 41 26 48 44;51 37 34 38 27 31;40 34 39 31 47 50;49 50 51 37 29 34;28 27 37 30 35 48;31 49 27 47 37 32;34 28 26 49 36 35;33 31 32 35 46 38;37 32 33 27 39 28;42 26 45 36 34 29;27 40 30 33 32 41;11 24 21 15 10 0;25 19 20 23 16 14;19 21 14 0 11 23;13 9 11 14 18 24;10 13 25 19 0 11;20 22 0 17 12 16;0 23 22 10 25 20;22 0 23 25 9 10;21 17 16 8 24 18;4 1 5 22 19 21;8 2 4 24 21 7;23 16 19 18 20 1;6 8 2 16 1 22;1 4 17 2 23 3;17 25 1 4 2 6;12 5 15 7 13 25;24 15 12 13 3 8;15 11 9 12 6 5;5 10 7 1 8 15;7 12 24 5 14 4;9 7 13 6 22 2;3 6 8 20 17 12;2 14 3 9 15 19;18 20 6 21 7 13;14 18 10 3 5 17;16 3 18 11 4 9
900 false 306 153
311.887668297 306 148
4
15 13 7 15 
48 43 46 34 35 44;41 47 44 45 46 37;47 38 49 36 45 34;44 49 47 35 39 46;39 46 48 41 42 33;34 41 33 43 48 40;33 36 40 47 44 45;49 32 29 31 26 42;27 26 42 48 30 43;30 44 26 42 29 41;43 31 27 30 41 25;46 40 30 32 43 26;42 45 41 40 49 31;45 30 31 29 28 47;29 28 45 49 40 32;32 25 38 37 33 35;37 27 34 38 47 39;38 34 36 26 31 49;35 37 25 28 36 48;31 48 39 33 27 38;36 35 37 39 25 29;40 39 35 46 37 30;25 33 32 44 34 28;26 42 28 25 38 27;28 29 43 27 32 36;22 15 18 23 20 10;23 8 9 17 7 11;8 16 10 24 19 23;24 14 23 18 13 22;14 24 7 13 9 20;9 13 11 10 8 21;19 10 13 7 17 12;15 7 22 11 24 14;6 22 5 19 15 4;5 17 16 0 22 2;18 20 21 3 0 15;20 6 17 2 18 24;16 18 20 15 21 1;17 2 15 16 23 19;4 21 19 20 3 16;21 11 6 12 14 5;1 5 12 4 10 9;12 23 8 9 4 7;10 0 24 5 11 8;3 9 1 22 6 0;13 12 14 1 2 6;11 4 0 21 1 3;2 1 3 6 16 13;0 19 4 8 5 18;7 3 2 14 12 17
900 false 300 150
798.972139629 300 141
4
17 16 7 16 
50 49 47 39 55 40;49 50 41 42 48 53;37 48 55 46 52 41;51 47 52 53 44 43;41 38 37 45 46 51;43 46 38 50 51 39;38 51 49 43 54 42;47 53 45 41 37 48;45 55 53 34 32 36;52 33 48 31 28 55;31 45 50 54 29 28;35 29 30 36 50 32;33 54 46 47 49 45;53 52 36 48 34 46;30 36 32 52 35 49;54 34 33 51 47 35;42 43 54 35 36 37;29 39 28 44 40 38;55 41 42 38 43 33;32 40 35 33 39 31;39 42 40 28 38 54;34 35 31 32 30 44;40 44 39 30 53 34;44 28 34 55 31 30;36 31 43 29 41 50;48 32 51 49 42 29;46 37 29 40 45 47;28 30 44 37 33 52;27 23 17 20 9 10;17 11 26 24 10 25;14 27 11 22 21 23;10 24 21 9 23 19;19 25 14 21 8 11;12 9 15 19 27 18;21 15 23 8 13 22;11 21 19 16 14 15;24 14 13 11 16 8;2 26 4 27 7 16;6 4 5 18 20 17;20 17 22 0 19 5;22 19 20 26 17 0;4 18 1 7 24 2;16 20 18 1 25 6;5 16 24 6 18 3;23 22 27 17 3 21;8 10 7 4 26 12;26 5 12 2 4 13;7 3 0 12 15 26;25 2 9 13 1 7;1 0 6 25 12 14;0 1 10 5 11 24;3 6 25 15 5 4;9 13 3 14 2 27;13 7 8 3 22 1;15 12 16 10 6 20;18 8 2 23 0 9
900 false 336 168
760.79657133 336 157
4
15 17 7 16 
36 42 49 32 37 29;54 48 42 55 44 50;53 54 48 42 40 45;49 38 43 53 51 54;39 51 55 45 52 43;52 41 46 50 45 51;37 53 54 44 50 47;55 52 44 38 54 46;51 50 45 40 48 55;45 34 51 54 31 48;48 31 29 51 47 30;46 33 34 47 49 53;30 49 35 36 53 28;32 30 47 49 33 52;47 46 32 28 36 31;28 35 33 52 34 49;35 45 50 46 32 34;38 36 40 39 55 41;34 44 39 43 42 40;42 28 53 30 39 44;31 37 36 35 38 42;40 39 41 29 35 37;41 55 31 37 30 38;29 40 38 33 43 39;33 43 52 41 28 32;43 29 28 34 46 36;44 32 30 48 41 33;50 47 37 31 29 35;15 19 25 14 24 12;23 25 10 21 27 0;12 13 26 19 22 10;20 10 22 27 9 14;13 26 14 0 16 24;24 11 15 23 13 26;18 9 11 25 15 16;16 15 12 20 21 27;0 17 20 12 14 25;6 20 27 22 0 21;17 3 23 7 20 22;4 21 18 17 19 23;21 23 17 8 2 18;22 5 21 24 26 17;19 0 1 2 18 20;25 24 3 18 23 4;26 18 7 6 1 19;9 16 8 4 5 2;11 14 5 16 25 7;14 27 13 11 10 6;10 1 2 26 8 9;3 12 0 13 11 15;27 8 16 5 6 1;8 4 9 10 3 5;5 7 24 15 4 13;2 6 19 3 12 11;1 2 6 9 7 3;7 22 4 1 17 8
900 false 330 165
885.161392213 330 149
4
17 15 6 18 
47 53 50 44 45 40;41 38 39 37 51 49;42 50 44 51 55 52;43 37 47 42 54 48;45 46 43 49 53 37;48 44 54 39 37 41;54 41 42 46 49 44;55 48 51 45 40 53;39 47 49 55 43 50;46 33 28 36 48 34;52 35 55 48 28 47;29 52 36 33 31 30;33 49 32 50 35 55;31 29 30 32 33 35;49 51 53 31 52 46;51 31 46 47 50 36;53 54 52 30 46 51;35 34 41 43 42 45;38 40 34 28 41 43;28 30 33 35 38 39;37 36 38 53 44 29;30 45 40 38 29 54;36 32 45 54 39 42;32 43 29 40 34 31;40 55 35 34 32 28;50 42 48 29 36 32;44 28 37 41 47 38;34 39 31 52 30 33;19 26 9 18 10 24;11 13 23 25 21 20;21 19 13 16 27 11;13 15 27 14 11 23;23 22 12 13 24 25;12 9 19 11 13 27;27 17 18 24 23 9;17 10 24 19 12 13;22 20 11 9 25 15;20 3 26 1 5 4;18 1 20 21 19 26;8 27 1 5 22 19;24 18 21 23 7 0;1 6 17 26 18 5;2 25 6 3 17 22;3 23 4 17 8 18;26 5 2 0 20 6;4 21 22 7 0 17;9 4 15 6 16 14;0 8 3 15 26 10;5 7 25 10 9 3;14 12 8 4 6 1;25 2 0 12 15 8;15 14 7 2 1 16;10 11 16 27 14 2;16 0 14 20 4 7;6 16 5 22 3 21;7 24 10 8 2 12
900 false 336 168
737.11274732 336 151
4
14 18 6 20 
53 48 56 51 39 45;56 51 54 53 52 43;47 46 57 54 42 41;52 44 40 43 57 49;55 42 49 40 50 52;57 54 39 50 40 46;39 56 53 46 47 51;42 40 46 48 41 56;48 43 55 41 44 50;54 41 43 44 46 48;29 52 32 35 36 38;35 55 29 49 37 30;37 30 48 55 34 36;34 49 50 56 32 37;49 53 52 57 48 33;33 36 34 31 49 57;51 31 38 52 33 35;30 50 51 38 31 54;36 35 37 30 53 55;43 57 33 34 38 29;46 47 36 33 43 31;40 39 44 37 35 42;44 32 45 47 55 39;38 45 41 42 29 47;32 34 30 39 45 44;41 37 31 45 56 32;50 29 35 36 54 40;31 38 47 29 30 53;45 33 42 32 51 34;10 26 11 27 23 19;17 12 24 18 27 11;27 16 25 15 17 20;24 22 10 28 13 25;15 28 19 20 16 14;13 24 15 19 12 28;11 18 26 10 21 16;18 15 20 26 10 12;12 25 18 21 11 13;23 27 16 17 19 10;6 21 5 24 0 22;21 7 3 4 5 26;25 9 23 8 7 2;7 4 28 23 2 21;19 8 9 3 20 1;22 3 21 9 8 24;28 23 22 25 24 0;20 2 7 6 9 5;2 20 27 22 6 23;8 0 12 7 14 9;14 13 4 11 15 3;26 17 13 5 4 8;16 1 17 0 28 6;3 10 14 16 1 4;0 14 6 1 18 27;9 5 1 2 26 17;4 11 8 12 22 18;1 6 0 13 25 7;5 19 2 14 3 15
900 false 348 174
586.37685738 348 157
4
15 15 9 17 
38 55 41 54 44 39;53 52 49 42 51 46;48 47 54 45 50 38;55 40 50 37 53 51;37 39 38 43 42 41;40 54 53 41 46 44;54 38 48 50 47 42;47 50 45 51 41 52;50 44 52 32 45 31;33 48 46 31 36 35;51 31 36 33 54 28;46 33 47 55 49 53;36 35 55 48 30 47;44 45 51 46 29 48;31 46 44 35 52 49;35 36 32 52 34 45;52 30 39 40 38 43;29 53 31 38 32 30;43 32 29 53 35 37;41 28 34 39 43 54;32 41 37 28 55 33;39 42 43 30 37 36;42 43 30 34 33 55;28 49 42 44 40 50;49 51 40 47 48 34;34 29 35 36 39 40;45 37 28 29 31 32;30 34 33 49 28 29;23 19 26 20 27 10;17 25 18 26 13 27;27 16 22 21 12 17;14 10 17 9 26 8;20 18 15 8 17 26;9 11 27 10 22 20;25 27 19 22 15 24;15 12 25 14 18 9;12 15 10 25 9 21;4 26 20 3 21 18;0 6 4 17 16 2;21 4 16 19 25 0;5 3 24 16 23 25;19 20 0 5 7 4;22 21 23 1 4 6;18 22 21 4 19 16;13 8 14 23 0 5;26 13 7 2 8 15;11 14 9 13 5 1;7 2 11 24 6 12;2 9 6 12 24 13;24 23 1 27 11 14;8 7 3 6 2 23;10 24 13 7 1 3;16 1 8 15 14 7;1 17 5 18 3 11;6 5 2 0 10 19;3 0 12 11 20 22
900 false 336 168
258.809402281 336 157
4
13 18 10 18 
39 45 38 50 35 34;58 51 59 57 49 46;57 55 56 41 54 50;43 42 39 51 44 57;48 59 40 46 57 44;51 39 55 53 48 43;53 58 41 40 43 47;41 44 51 39 46 58;42 43 44 58 53 54;44 57 58 56 45 53;59 30 34 35 52 33;36 37 35 59 32 49;31 49 53 48 30 32;35 36 37 52 56 30;54 31 48 49 58 38;49 53 52 54 33 31;55 54 31 36 34 52;52 48 57 37 31 51;37 35 30 31 50 56;33 32 43 44 38 59;38 56 42 45 36 40;47 40 45 42 55 37;45 47 36 55 39 41;56 38 46 33 59 55;30 33 32 34 41 42;46 41 50 43 42 35;50 52 49 30 37 39;32 34 33 47 51 36;34 46 47 32 40 48;40 50 54 38 47 45;24 10 18 26 12 13;12 14 16 18 17 15;27 19 24 28 11 12;19 24 27 23 15 10;28 27 10 24 16 0;13 18 11 10 0 25;11 13 22 16 20 27;18 11 13 17 26 21;20 23 0 29 19 14;0 5 3 7 22 26;29 21 4 6 28 20;7 25 6 2 24 22;8 3 20 21 25 24;3 8 19 25 6 5;9 7 8 19 3 4;22 0 21 20 9 29;25 28 23 4 7 1;21 22 28 27 29 6;4 17 14 12 5 28;15 12 26 14 1 11;26 29 25 0 18 2;5 1 7 3 27 17;17 26 15 13 10 16;6 15 12 5 8 9;14 16 29 15 2 8;16 2 5 22 21 23;23 20 2 9 13 18;2 9 17 1 4 3;1 6 9 8 14 7;10 4 1 11 23 19
900 false 354 177
670.5329158760001 354 166
4
15 20 13 17 
51 42 47 54 35 65;63 53 64 61 62 45;64 59 65 62 51 63;60 52 63 43 54 47;49 44 59 55 43 57;50 63 46 47 52 53;65 60 57 49 46 50;54 55 58 52 50 60;45 54 52 46 49 59;43 45 56 50 59 49;46 43 60 45 63 55;38 57 33 58 56 34;55 41 54 53 65 39;52 35 41 36 39 40;39 40 34 37 57 41;56 62 55 42 53 54;35 61 40 57 55 64;33 64 36 39 58 52;57 56 42 38 34 58;61 33 43 63 60 42;48 50 45 44 47 46;59 51 50 65 48 33;41 48 62 34 45 43;40 46 48 41 44 61;42 39 38 64 61 51;62 65 61 59 37 44;37 49 35 60 64 62;47 37 39 51 36 35;34 58 49 33 42 48;58 36 51 35 38 56;44 38 53 40 33 37;36 34 37 48 40 38;53 47 44 56 41 36;17 19 11 28 30 21;28 31 14 22 18 11;16 13 26 29 0 27;31 29 17 13 27 32;26 27 31 14 25 30;11 30 24 18 29 31;14 24 27 17 13 12;23 14 16 30 31 13;22 12 13 23 32 14;24 0 18 15 28 19;9 10 19 3 4 22;30 4 32 20 23 25;8 9 20 10 22 1;10 23 5 8 6 20;27 32 0 5 20 3;20 22 23 31 21 28;4 26 28 6 8 9;5 20 21 9 7 6;0 21 29 27 2 24;13 3 8 7 5 17;32 1 30 12 15 5;7 8 12 0 3 15;12 7 15 4 16 10;15 18 9 32 11 29;18 11 6 16 14 4;29 28 7 11 17 18;21 2 4 25 9 8;3 6 10 26 19 7;19 16 25 1 24 23;25 15 22 2 1 26;1 5 3 19 10 2;2 17 1 24 26 16;6 25 2 21 12 0
900 false 390 195
879.077203659 390 173
4
16 21 16 19 
69 49 67 50 58 70;62 69 71 67 70 68;61 67 48 71 68 64;66 57 55 61 69 71;55 50 47 53 60 69;49 48 69 54 62 56;47 68 52 59 55 54;63 70 65 49 61 52;70 62 50 48 71 49;67 47 51 56 50 60;43 61 60 64 44 63;60 36 66 46 57 40;68 45 40 70 38 58;45 59 62 68 56 41;59 60 37 57 65 42;41 71 63 58 67 66;58 46 61 66 45 59;57 66 43 44 40 62;46 58 57 63 42 67;65 56 42 41 66 43;53 51 68 43 49 48;52 65 46 55 43 36;42 54 45 69 41 65;71 64 44 65 37 53;44 55 64 52 47 38;64 53 54 47 46 45;48 43 36 39 64 47;39 42 70 40 54 50;37 39 58 38 36 55;38 40 56 42 48 37;51 44 38 62 39 46;50 37 49 51 59 57;54 52 39 60 51 44;56 63 41 36 53 39;40 38 59 37 63 51;36 41 53 45 52 61;35 11 26 33 28 21;28 31 14 34 23 29;29 34 30 28 12 24;27 28 32 26 30 33;34 29 12 27 17 11;15 35 33 19 22 13;22 27 19 29 18 14;10 26 17 20 21 19;24 30 23 17 10 32;13 12 22 35 16 25;18 16 21 11 25 30;6 9 4 25 24 26;26 5 2 8 29 20;5 0 31 7 20 8;31 4 8 0 9 27;30 20 9 31 32 34;21 32 6 24 35 7;20 25 35 4 33 23;32 22 25 5 27 6;4 24 3 21 6 28;33 19 29 9 13 5;17 3 18 14 11 31;16 18 28 15 0 12;14 13 34 6 31 16;11 14 10 32 4 9;2 10 16 3 7 35;1 8 13 30 5 17;7 33 15 18 34 10;25 23 24 10 26 2;19 21 7 23 14 22;3 17 11 16 19 15;9 2 0 1 15 18;12 6 20 13 2 1;0 1 5 22 3 4;8 7 27 12 1 0;23 15 1 2 8 3
900 false 432 216
792.828483128 432 209
4
19 22 16 21 
67 72 50 75 69 74;53 75 59 71 77 67;75 74 73 76 64 51;65 68 76 58 59 75;58 70 64 77 55 69;72 53 74 63 58 65;71 51 54 64 60 76;56 76 69 53 75 64;60 62 55 54 71 70;64 54 61 73 51 59;73 77 56 62 72 52;61 67 70 72 74 73;76 44 47 61 49 62;63 69 45 43 48 77;69 49 40 65 47 46;46 73 65 68 61 45;42 63 68 74 62 44;66 39 48 69 46 72;49 48 77 70 63 41;68 64 63 45 73 39;62 61 41 66 76 48;40 46 71 52 45 58;47 71 60 44 52 49;74 58 52 60 44 50;57 56 72 46 54 43;52 59 57 55 43 53;70 55 75 49 57 54;55 43 39 47 50 71;77 47 46 51 53 42;54 52 44 50 42 56;48 60 42 39 70 57;43 42 66 48 65 60;50 65 62 40 68 61;44 41 58 67 66 68;59 40 53 41 56 63;45 57 51 42 41 47;51 50 67 59 40 66;41 45 49 57 39 40;39 66 43 56 67 55;38 17 27 30 37 19;21 34 14 32 36 37;37 33 20 34 35 18;16 31 30 35 29 28;31 27 38 13 25 24;33 12 29 22 23 16;35 37 13 19 21 15;15 21 28 24 17 14;22 28 12 27 14 35;30 18 17 31 13 20;18 14 37 26 12 22;32 36 0 29 27 23;36 6 35 28 9 2;25 29 23 21 22 10;1 5 34 7 28 25;29 9 6 8 24 26;27 26 8 25 4 38;7 24 10 38 34 29;24 35 25 37 26 30;4 23 33 3 5 21;34 25 1 36 3 9;8 30 22 23 6 31;11 20 9 12 15 32;20 8 32 10 16 12;13 16 19 5 18 34;9 19 4 6 2 7;3 32 15 14 31 5;17 38 31 20 33 36;0 11 36 33 38 1;19 3 16 15 32 33;14 13 7 17 0 4;26 4 11 18 30 8;6 22 21 1 8 27;5 0 24 11 10 17;10 15 2 9 19 11;23 2 5 16 11 0;2 1 26 0 7 3;12 7 3 2 20 6;28 10 18 4 1 13
900 false 468 234
855.7246046360001 468 216
4
18 21 14 23 
57 71 60 72 73 55;59 75 57 60 74 50;53 57 52 63 70 68;66 73 62 69 75 52;70 50 67 73 68 75;61 53 64 71 51 66;73 54 68 74 72 65;55 72 65 70 69 63;56 52 53 55 61 70;50 58 61 68 56 73;64 67 58 54 53 62;75 63 70 67 48 69;74 64 44 66 39 67;68 47 66 61 62 74;46 49 63 48 44 60;47 61 69 62 43 45;62 60 74 49 41 46;44 45 73 46 67 72;63 42 39 41 49 44;65 70 42 47 60 40;49 62 72 45 65 43;45 48 71 65 64 61;71 43 56 75 40 49;42 55 38 56 58 51;52 59 48 53 57 58;48 74 51 58 54 59;54 69 55 42 50 56;72 46 47 43 45 42;69 41 40 39 55 71;40 51 43 38 71 48;41 38 75 44 47 57;39 68 50 52 66 47;38 44 59 64 63 41;58 65 54 51 46 53;60 56 45 50 59 64;43 66 46 59 52 39;51 39 49 40 42 38;67 40 41 57 38 54;32 30 23 29 37 36;31 36 18 28 12 35;29 37 28 36 22 19;30 28 37 18 16 32;23 18 19 26 36 27;35 22 29 27 15 20;17 32 12 30 14 18;21 17 34 20 27 15;14 27 35 17 33 16;15 13 27 19 30 31;25 21 24 14 11 29;20 14 36 16 18 22;9 4 31 34 26 1;36 29 25 33 5 23;24 8 2 31 35 3;2 5 8 24 10 33;26 6 33 10 25 37;7 23 26 8 28 0;8 34 22 23 9 26;0 2 1 37 24 30;33 9 10 25 23 24;1 24 32 35 34 25;34 16 0 1 19 14;5 15 9 13 8 21;16 20 3 15 13 10;18 11 14 2 32 7;10 12 5 32 21 34;19 33 7 21 20 6;3 35 13 12 31 5;37 10 4 11 17 12;13 31 6 9 4 2;28 26 15 3 7 11;4 19 11 7 2 8;22 0 21 5 29 28;27 7 20 0 6 17;6 3 17 4 0 9;12 25 16 6 1 13;11 1 30 22 3 4
900 false 456 228
781.719455021 456 214
4
20 24 11 24 
40 71 58 42 52 72;76 74 75 77 78 79;74 73 76 79 56 78;75 76 78 74 73 77;64 63 79 78 68 73;58 79 74 64 60 70;55 57 73 71 77 74;79 68 67 70 61 76;56 70 53 76 71 64;70 67 77 66 75 61;62 64 72 59 67 63;73 75 69 60 79 71;71 78 63 68 72 75;69 77 71 49 45 68;65 47 68 73 48 40;49 51 43 48 69 44;43 50 51 67 46 69;72 66 48 50 76 46;47 69 64 45 50 49;68 43 45 65 44 67;48 46 66 44 64 50;50 65 47 51 66 48;46 44 49 47 70 65;67 49 65 75 47 66;51 45 46 69 42 47;78 60 40 62 63 42;77 55 59 57 62 60;41 58 54 53 57 56;45 62 60 63 58 59;60 56 57 58 54 55;44 53 61 54 59 52;42 61 41 52 74 57;59 52 50 55 53 58;52 59 44 61 49 45;53 54 52 43 55 62;63 40 55 56 65 53;54 42 56 72 41 43;57 48 70 41 43 51;61 72 62 40 51 41;66 41 42 46 40 54;0 35 25 38 39 14;27 39 31 37 36 38;31 36 39 0 24 25;16 19 15 34 37 36;30 22 33 20 19 15;28 24 19 18 13 33;22 20 24 39 16 17;18 14 21 22 23 24;20 37 17 15 14 21;15 23 22 13 33 18;21 16 32 17 18 20;24 15 16 21 38 37;33 32 34 31 0 30;34 30 8 27 32 35;36 34 27 30 29 39;6 26 35 32 34 29;8 29 36 35 2 27;37 6 29 26 27 31;5 27 0 29 28 32;32 33 26 10 30 28;29 25 28 11 5 26;38 31 30 33 7 9;10 28 38 25 26 34;35 4 12 28 25 10;4 10 18 5 20 8;14 21 23 19 35 22;39 17 20 9 21 23;23 9 7 16 10 19;19 7 14 12 4 13;13 18 11 24 15 16;9 8 37 7 22 5;12 0 13 6 8 11;17 38 10 36 12 0;11 2 6 14 3 4;2 1 5 3 31 6;3 11 1 23 9 12;1 3 2 8 17 7;26 13 9 1 6 3;25 12 3 4 1 2;7 5 4 2 11 1
900 false 474 237
863.8378727810001 474 186
4
19 23 8 22 
58 65 67 68 71 56;68 60 57 64 67 65;65 52 62 71 70 63;67 64 71 61 60 62;51 69 65 52 66 53;64 49 63 67 58 59;71 67 69 51 65 57;56 59 48 54 55 64;66 48 53 70 64 58;70 68 51 50 63 55;57 63 66 60 68 50;62 39 42 65 59 71;60 37 46 39 36 68;40 66 70 44 41 45;43 45 61 69 40 39;61 41 43 63 45 38;46 44 40 41 42 60;42 36 59 46 38 47;63 47 68 38 44 43;45 61 39 47 43 66;59 71 36 62 46 40;44 62 47 42 61 67;39 57 58 56 52 51;52 70 56 43 51 48;55 46 45 40 37 70;50 43 49 53 69 37;54 55 38 49 50 69;47 53 54 55 57 42;69 54 44 57 53 52;48 42 50 37 54 49;49 56 37 36 47 46;38 51 55 58 48 41;36 58 60 48 56 44;41 40 52 66 62 61;53 38 64 59 49 54;37 50 41 45 39 36;32 17 20 30 12 35;35 12 30 29 24 25;31 34 26 18 17 15;22 11 19 12 35 14;13 33 16 24 14 20;33 15 35 16 13 31;17 29 11 21 16 27;14 25 15 23 19 18;21 16 28 13 18 32;19 14 24 35 15 13;16 24 12 17 20 30;27 18 21 19 30 17;29 8 7 32 31 23;30 5 25 26 34 29;25 35 29 9 26 10;4 31 9 6 23 22;23 2 33 4 22 28;34 27 8 25 28 4;26 28 27 7 29 34;24 26 31 27 7 9;7 30 23 22 32 0;10 22 1 28 27 6;0 32 22 31 5 8;20 7 17 34 11 5;12 1 32 10 3 16;15 19 14 3 21 33;11 21 2 20 33 3;18 10 5 15 9 2;5 3 34 1 8 7;2 0 4 11 6 1;8 13 10 33 4 19;3 6 0 5 1 21;1 9 18 0 10 12;28 4 6 14 25 26;9 23 13 8 2 24;6 20 3 2 0 11
900 false 432 216
871.933899687 432 189
